﻿quantity,down_at_ren_prob,down_running,ptype_id
1,7.5,7.5,3
2,10,17.5,3
3,12.5,30,3
4,15,45,3
5,15,60,3
6,12.5,72.5,3
7,10,82.5,3
8,7.5,90,3
9,5,95,3
10,5,100,3
1,90,90,2
2,10,100,2
1,7.5,7.5,1
2,10,17.5,1
3,12.5,30,1
4,15,45,1
5,15,60,1
6,12.5,72.5,1
7,10,82.5,1
8,7.5,90,1
9,5,95,1
10,5,100,1
