﻿quantity,new_qty_prob,running_total,ptype_id
1,50,50,3
2,35,85,3
3,10,95,3
4,2.5,97.5,3
5,1.5,99,3
6,0.3,99.3,3
7,0.3,99.6,3
8,0.2,99.8,3
9,0.1,99.9,3
10,0.1,100,3
1,40,40,1
2,30,70,1
3,20,90,1
4,7.5,97.5,1
5,2.5,100,1
1,50,50,2
2,35,85,2
3,10,95,2
4,2.5,97.5,2
5,1.5,99,2
6,0.3,99.3,2
7,0.3,99.6,2
8,0.2,99.8,2
9,0.1,99.9,2
10,0.1,100,2
