﻿quantity,recap_qty_prob,running_total,ptype_id
1,5,5,3
2,15,20,3
3,25,45,3
4,20,65,3
5,15,80,3
6,10,90,3
7,5,95,3
8,2.5,97.5,3
9,1.5,99,3
10,1,100,3
1,40,40,1
2,30,70,1
3,20,90,1
4,7.5,97.5,1
5,2.5,100,1
1,25,25,2
2,50,75,2
3,17,92,2
4,4,96,2
5,3,99,2
6,0.3,99.3,2
7,0.3,99.6,2
8,0.2,99.8,2
9,0.1,99.9,2
10,0.1,100,2
