﻿quantity,up_at_ren_prob,up_running,ptype_id
1,5,5,3
2,7.5,12.5,3
3,10,22.5,3
4,12.5,35,3
5,15,50,3
6,15,65,3
7,12.5,77.5,3
8,10,87.5,3
9,7.5,95,3
10,5,100,3
1,85,85,2
2,10,95,2
3,5,100,2
1,5,5,1
2,7.5,12.5,1
3,10,22.5,1
4,12.5,35,1
5,15,50,1
6,15,65,1
7,12.5,77.5,1
8,10,87.5,1
9,7.5,95,1
10,5,100,1
